,lr_delta,euler_x,left_enc,y,theta,x_delta,right_enc,x,y_delta
0,203.0,0,0,0,0.0,0.0,0,0.0,0
1,203.0,13,1,12,0.0,0.0,12,12.5,13
2,202.8125,42,0,42,0.0,0.0,30,29.5,29
3,202.875,75,-1,76,0.0,0.0,34,33.5,33
4,202.3125,107,-1,108,0.0,0.0,32,32.0,32
5,202.4375,138,0,138,0.0,0.0,30,30.5,31
6,202.5625,170,0,170,0.0,0.0,32,32.0,32
7,202.5,201,0,201,0.0,0.0,31,31.0,31
8,202.625,232,-1,233,0.0,0.0,32,31.5,31
9,202.625,263,-1,264,0.0,0.0,31,31.0,31
10,202.4375,295,0,295,0.0,0.0,31,31.5,32
11,202.625,326,-1,327,0.0,0.0,32,31.5,31
12,203.125,358,0,358,0.0,0.0,31,31.5,32
13,203.375,388,-1,389,0.0,0.0,31,30.5,30
14,203.5625,419,0,419,0.0,0.0,30,30.5,31
15,203.375,450,-1,451,0.0,0.0,32,31.5,31
16,203.5,482,0,482,0.0,0.0,31,31.5,32
17,203.0,513,0,513,0.0,0.0,31,31.0,31
18,202.9375,544,-1,545,0.0,0.0,32,31.5,31
19,202.75,574,-1,575,0.0,0.0,30,30.0,30
20,202.9375,606,0,606,0.0,0.0,31,31.5,32
21,203.0,637,0,637,0.0,0.0,31,31.0,31
22,203.25,668,-1,669,0.0,0.0,32,31.5,31
23,203.5625,699,-1,700,0.0,0.0,31,31.0,31
24,203.625,730,-1,731,0.0,0.0,31,31.0,31
25,204.0,761,-1,762,0.0,0.0,31,31.0,31
26,203.75,793,0,793,0.0,0.0,31,31.5,32
27,204.0625,824,0,824,0.0,0.0,31,31.0,31
28,203.6875,854,0,854,0.0,0.0,30,30.0,30
29,203.5,862,-1,863,0.0,0.0,9,8.5,8
30,204.8125,869,19,850,1.3125,-0.06871635854608735,-13,-2.9992129070921534,7
31,217.6875,897,78,819,14.1875,-0.3676439741446415,-31,-1.4542482278741597,28
32,237.125,930,145,785,33.625,-0.2768775682186758,-34,-0.416339779768055,33
33,254.25,961,207,754,50.75,0.0,-31,0.0,31
34,270.3125,992,269,723,66.8125,0.0,-31,0.0,31
35,286.375,1017,313,704,82.875,2.9768339669878077,-19,0.3721015089832776,25
36,289.5,1034,318,716,86.0,14.464679379427086,12,1.0114595643805342,17
37,288.75,1063,314,749,85.25,30.89353221437033,33,2.5670347328508223,29
38,288.25,1096,313,783,84.75,33.359467016947505,34,3.065283077497349,33
39,288.125,1127,313,814,84.625,30.863692740365483,31,2.9038716273814558,31
40,287.625,1158,313,845,84.125,30.83717679481104,31,3.1730942824894677,31
41,286.9375,1189,312,877,83.4375,31.293607285953026,32,3.6000198655768223,31
42,287.0625,1220,313,907,83.5625,30.307692014612186,30,3.419620556057732,31
43,287.375,1251,313,938,83.875,30.82303804918392,31,3.307616274382543,31
44,287.3125,1282,313,969,83.8125,30.819411660342176,31,3.3412370329512155,31
45,287.125,1313,313,1000,83.625,30.808312476839795,31,3.4420752939756105,31
46,287.0625,1344,313,1031,83.5625,30.804539424687796,31,3.4756799094357276,31
47,287.25,1375,313,1062,83.75,30.815748599091155,31,3.3748538157395096,31
48,287.375,1406,312,1094,83.875,31.32018382417076,32,3.360964923969358,31
49,287.6875,1438,313,1125,84.1875,31.338049108684515,31,3.190090603991925,32
50,287.6875,1469,313,1156,84.1875,30.840619757753014,31,3.1394542451984027,31
51,287.5,1500,313,1187,84.0,30.83018079242287,31,3.240362989931847,31
52,287.125,1531,313,1218,83.625,30.808312476839795,31,3.4420752939756105,31
53,286.9375,1562,312,1250,83.4375,31.293607285953026,32,3.6000198655768223,31
54,287.3125,1593,313,1280,83.8125,30.32232437549795,30,3.2873461130649058,31
55,287.625,1625,313,1312,84.125,31.831924433353333,32,3.2754521625697732,32
56,287.5,1656,313,1343,84.0,30.83018079242287,31,3.240362989931847,31
57,286.9375,1687,313,1374,83.4375,30.79688336077917,31,3.542876693107349,31
58,286.8125,1717,312,1405,83.3125,30.29248263846348,31,3.551829894348643,30
59,287.0,1749,313,1436,83.5,31.297515681013877,31,3.5658816857392215,32
60,287.0,1780,313,1467,83.5,30.80072971782318,31,3.5092803891401863,31
61,287.1875,1811,313,1498,83.6875,30.812048869789574,31,3.4084665827463936,31
62,286.75,1843,314,1529,83.25,31.281658699630544,31,3.702408540373239,32
63,286.3125,1871,312,1559,82.8125,28.772120861602698,30,3.6283689345664234,28
64,285.9375,1878,310,1568,82.4375,7.930415765613604,9,1.0528560131885056,7
65,284.4375,1865,289,1576,80.9375,-2.468793012070657,8,-0.3937779368515866,-13
66,269.8125,1834,229,1605,66.3125,-0.9157504622246944,29,-0.4017475462716089,-31
67,252.625,1801,163,1638,49.125,0.0,33,0.0,-33
68,234.1875,1769,100,1669,30.6875,-0.2551777562487536,31,-0.42998175858500287,-32
69,218.25,1738,37,1701,14.75,0.12730102745025668,32,0.48352295541174567,-31
70,202.875,1720,-3,1723,-0.625,-0.021816192337879348,22,1.9998810098983082,-18
71,199.6875,1734,-7,1741,-3.8125,-1.063865820591425,18,15.96459174284696,14
72,201.3125,1767,-4,1771,-2.1875,-1.2023493040623228,30,31.477044908171113,33
73,201.375,1800,-4,1804,-2.125,-1.2236320918202719,33,32.97730620447746,33
74,202.125,1832,-3,1835,-1.375,-0.7558734978741061,31,31.490929729927178,32
75,201.1875,1862,-4,1866,-2.3125,-1.2306688774326404,31,30.475161264776247,30
76,201.125,1893,-4,1897,-2.375,-1.28463125586763,31,30.973371184558648,31
77,200.75,1924,-4,1928,-2.75,-1.4873226211021413,31,30.96429995043902,31
78,200.5625,1955,-4,1959,-2.9375,-1.5886449542795134,31,30.959266903614534,31
79,200.5625,1986,-5,1991,-2.9375,-1.614268259993699,32,31.458609918188962,31
80,201.0,2018,-4,2022,-2.5,-1.3740112905019,31,31.470018954134318,32
81,200.75,2050,-3,2053,-2.75,-1.5113116956360468,31,31.463724143188035,32
82,200.75,2081,-3,2084,-2.75,-1.4873226211021413,31,30.96429995043902,31
83,200.4375,2111,-4,2115,-3.0625,-1.6294711498336711,31,30.456441416748934,30
84,200.6875,2142,-4,2146,-2.8125,-1.521098555531838,31,30.962659110359997,31
85,200.8125,2174,-3,2177,-2.6875,-1.4769891897414102,31,31.46535400934474,32
86,201.125,2204,-5,2209,-2.375,-1.28463125586763,32,30.973371184558648,30
87,201.375,2237,-3,2240,-2.125,-1.1865523314620818,31,31.97799389525087,33
88,201.1875,2268,-4,2272,-2.3125,-1.271018676692727,32,31.474346880014814,31
89,201.1875,2299,-4,2303,-2.3125,-1.2508437770626837,31,30.97475407239553,31
90,201.1875,2330,-4,2334,-2.3125,-1.2508437770626837,31,30.97475407239553,31
91,200.75,2362,-4,2366,-2.75,-1.5353007701699524,32,31.963148335937053,32
92,201.0625,2393,-4,2397,-2.4375,-1.3184172060735326,31,30.971951441114093,31
93,200.6875,2424,-4,2428,-2.8125,-1.521098555531838,31,30.962659110359997,31
94,200.875,2456,-3,2459,-2.625,-1.4426649263585818,31,31.46694643447716,32
95,200.625,2486,-4,2490,-2.875,-1.5297940883743542,31,30.461610759235548,30
96,201.0,2517,-4,2521,-2.5,-1.3522015874780604,31,30.970494843751233,31
97,200.9375,2548,-4,2552,-2.5625,-1.385984359880749,31,30.969001394203303,31
98,201.0625,2577,-3,2580,-2.4375,-1.2120932378417961,28,28.474213421669408,29
99,201.25,2580,-3,2583,-2.25,-0.11777949772866232,3,2.9976871067399253,3
